Donald_Trump  122981 148866 184345 169567 206884 293586 1010305 3573814 1326888
United_States_presidential_election,_2016 108571 124807 134000 142464 221638 396142 1305051 1206496 529963
Electoral_College_(United_States) 58488 82623 81306 90483 98968 245428 1595148 587919 134760
Melania_Trump 19012 23525 136304 76796 72733 61439 235128 1093595 307755
United_States_presidential_election,_2012 39676 47517 49541 55133 63373 124184 810972 587721 135067
Hillary_Clinton 78167 90169 106743 98845 125910 208475 638989 706497 236498
Meghan_Markle 119937 217235 115058 68664 53136 43298 922667 145138 87609
List_of_Presidents_of_the_United_States 46967 51978 55330 59080 67990 105628 330176 479559 164006
Ivanka_Trump  17682 23398 40307 43206 50580 51374 174007 538946 170668
United_States_presidential_election,_2008 23529 28636 29885 34021 38436 78452 406882 377682 86018
Barack_Obama  45760 53582 58892 62678 70293 102888 306589 462108 178087
Ivana_Trump 13414 16378 34221 29923 37018 37401 138549 471587 145315
Tiffany_Trump 13496 16674 26576 28029 33591 35197 133713 408302 132183
