03/8 03/9 03/10 03/11 03/12 03/13 03/14 03/15 03/16 03/17 03/18 03/19 03/20 03/21 03/22 03/23 03/24 03/25 03/26 03/27 03/28 03/29 03/30 03/31 04/1 04/2 04/3 04/4 04/5 04/6 04/7 
John D. Rockefeller	0 0 0 0 0 0 0 35293 18929 11286 7642 7908 8347 7535 6556 106523 7558 6530 0 0 0 0 0 0 0 4973 5219 5084 4146 4799 99387 117242 29946 0 0 0 0 0 0 0 0 0 0 0 0 0 06117 6099 5401 4744 5438 5545 4544 
LaVar Ball	0 0 0 0 0 0 0 113555 97654 103555 89630 39408 40811 40116 25436 20236 21145 22451 0 0 0 0 0 0 0 184 2 45969 52767 33573 43093 20418 81523 
Elizabeth Christ Trump	0 0 0 0 0 0 0 20541 10366 8736 5640 3846 2854 2016 1243 44817 2525 1105 0 0 0 0 0 0 0 695 768 1135 19447 96014 81150 48112 18504 0 0 0 0 0 0 0 0 0 0 0 0 0 0832 804 776 841 727 654 759 
Brahma chicken	0 0 0 0 0 0 0 38669 19360 17882 16836 20034 9136 7072 5543 88877 6096 3403 0 0 0 0 0 0 0 160 180 204 187 108496 179762 95967 32894 0 0 0 0 0 0 0 0 0 0 0 0 0 0169 196 170 212 205 156 204 
Colleen Wing	0 0 0 0 0 0 0 43969 36657 28949 27666 30553 25454 19740 15992 59772 16430 11496 0 0 0 0 0 0 0 1891 2209 33051 116276 125560 94642 62710 35753 0 0 0 0 0 0 0 0 0 0 0 0 0 02092 3210 1954 2264 2334 2156 2389 
Iron Fist (TV series)	0 0 0 0 0 0 0 119030 102365 85046 82501 93157 76551 58327 52424 157673 48023 45108 0 0 0 0 0 0 0 21723 25826 161445 339227 301909 234061 165599 93796 0 0 0 0 0 0 0 0 0 0 0 0 0 024783 32338 25947 24597 24583 26411 24326 
Iron Fist (comics)	0 0 0 0 0 0 0 135140 112512 91131 86076 92398 78177 60214 50572 173028 50625 37357 0 0 0 0 0 0 0 12262 13114 105788 318730 344811 271570 181567 107696 0 0 0 0 0 0 0 0 0 0 0 0 0 010808 15884 16186 17338 16805 16216 18361 
PXL-2000	0 0 0 0 0 0 0 106 56 52 43 75 67 360743 88910 408 2247 1987 0 0 0 0 0 0 0 0 0 0 0 0 0 0
Jessica Henwick	0 0 0 0 0 0 0 45989 39745 31734 30830 36048 29949 22100 19437 57498 18679 15688 0 0 0 0 0 0 0 2922 4026 32126 105395 110343 85891 60117 36655 0 0 0 0 0 0 0 0 0 0 0 0 0 04065 6157 3618 3430 3323 3097 3991 
Blendo	0 0 0 0 0 0 0 474 372 348 326 1599 559 341 285 788 232 290 0 0 0 0 0 0 0 85298 3556 1342 1013 1658 1295 836 328 0 0 0 0 0 0 0 0 0 0 0 0 0 0195 144 142 151 245 529532 46710 
Chuck Berry	0 0 0 0 0 0 0 75969 47313 39941 32024 26400 18420 11322 11756 128479 12254 11144 0 0 0 0 0 0 0 3840 3128 3257 3382 1170302 333446 139948 57966 0 0 0 0 0 0 0 0 0 0 0 0 0 03073 3187 3184 3448 3223 3767 3550 
2018 FIFA World Cup qualification	0 0 0 0 0 0 0 17182 39550 68701 72638 69939 50905 59632 101520 14897 19895 20444 0 0 0 0 0 0 0 4417 5305 5584 5487 6776 10676 13667 11116 0 0 0 0 0 0 0 0 0 0 0 0 0 03516 3932 3579 3893 4315 4134 3457 
Freedom Caucus	0 0 0 0 0 0 0 17314 55581 123110 130918 94697 103928 46209 14162 9966 29483 114131 0 0 0 0 0 0 0 2367 2426 2244 1795 1105 1558 9465 9890 0 0 0 0 0 0 0 0 0 0 0 0 0 04945 4506 3465 1982 2049 2099 2402 
Holi	0 0 0 0 0 0 0 5896 5701 5169 5241 6044 5769 4600 4275 7657 3354 4576 0 0 0 0 0 0 0 22988 16220 12236 9563 10089 9912 7828 4511 0 0 0 0 0 0 0 0 0 0 0 0 0 016895 24811 37424 111459 607700 101838 39142 
The Hand (comics)	0 0 0 0 0 0 0 27456 24829 20776 20587 23119 19442 14603 12490 37616 12450 9812 0 0 0 0 0 0 0 563 661 19429 67697 76361 58132 39470 21945 0 0 0 0 0 0 0 0 0 0 0 0 0 0551 603 616 738 717 711 625 
Down syndrome	0 0 0 0 0 0 0 262731 13925 9731 7225 7066 8057 7734 7351 16925 7324 7506 0 0 0 0 0 0 0 7415 7621 6542 5872 6313 8514 17026 253920 0 0 0 0 0 0 0 0 0 0 0 0 0 06428 6733 6306 5206 6002 6381 5038 
Mr. T	0 0 0 0 0 0 0 35127 16662 11442 11331 9727 9401 102345 18607 196275 21984 11857 0 0 0 0 0 0 0 4595 6636 6678 6198 7767 10132 196753 32578 0 0 0 0 0 0 0 0 0 0 0 0 0 03720 4271 4360 4419 5135 5856 4444 
Nowruz	0 0 0 0 0 0 0 31220 14648 9673 6952 6480 5670 4829 4099 273955 4673 3591 0 0 0 0 0 0 0 11217 11452 14311 15539 31343 117510 278690 26749 0 0 0 0 0 0 0 0 0 0 0 0 0 03746 4176 5148 5681 8600 10731 5164 
The Defenders (miniseries)	0 0 0 0 0 0 0 39481 34518 29095 28519 32973 30080 22280 20074 50501 19396 17448 0 0 0 0 0 0 0 7812 8529 25644 68597 84314 73978 52630 30953 0 0 0 0 0 0 0 0 0 0 0 0 0 06947 8367 8252 9564 9401 9328 9210 
Rockefeller family	0 0 0 0 0 0 0 33909 16882 9517 7184 7404 6262 5488 4543 103770 5987 4533 0 0 0 0 0 0 0 2799 3205 3301 2929 3014 87327 113241 28792 0 0 0 0 0 0 0 0 0 0 0 0 0 02928 3107 2863 2957 3049 3176 2835 
Finn Jones	0 0 0 0 0 0 0 27044 23139 18678 18754 20878 17365 12609 11161 34291 10963 9516 0 0 0 0 0 0 0 3884 4389 25287 65471 65943 51106 35970 21420 0 0 0 0 0 0 0 0 0 0 0 0 0 03445 4728 4369 4513 4908 5484 5030 
Dancing with the Stars (U.S. season 24)	0 0 0 0 0 0 0 36231 20274 10173 9260 9371 13095 115954 25592 173426 14524 9453 0 0 0 0 0 0 0 4751 7818 9253 10911 8690 19407 175292 30876 0 0 0 0 0 0 0 0 0 0 0 0 0 03801 3352 3203 3524 4505 6345 3210 
It (2017 film)	0 0 0 0 0 0 0 6023 5807 5895 4820 4807 5598 15851 178859 25153 204372 181671 0 0 0 0 0 0 0 9411 6724 5348 5285 5862 6225 6392 4543 0 0 0 0 0 0 0 0 0 0 0 0 0 05155 3764 3357 4548 7387 8769 3715 
Neil Gorsuch	0 0 0 0 0 0 0 89835 46114 21261 12241 10632 11140 9398 8343 129089 13594 9347 0 0 0 0 0 0 0 3668 4613 3523 4179 8782 34341 132241 74568 0 0 0 0 0 0 0 0 0 0 0 0 0 02581 2354 2407 1757 2645 2934 2035 
Angela Merkel	0 0 0 0 0 0 0 16351 16852 11349 8857 15457 17442 8253 9109 22923 7619 8284 0 0 0 0 0 0 0 5557 6551 53503 125198 70997 40682 24105 11169 0 0 0 0 0 0 0 0 0 0 0 0 0 05440 5372 5284 5544 7352 7622 4643 
Steel Serpent	0 0 0 0 0 0 0 26060 22020 17254 16419 17300 14793 11253 8937 34276 9083 6583 0 0 0 0 0 0 0 336 407 11539 50125 61257 47955 35864 20781 0 0 0 0 0 0 0 0 0 0 0 0 0 0223 265 258 332 716 488 264 
More Life	0 0 0 0 0 0 0 60092 49488 35937 26178 23659 23920 20243 17259 82121 15995 16028 0 0 0 0 0 0 0 6836 8977 18113 61778 289967 131764 86970 44011 0 0 0 0 0 0 0 0 0 0 0 0 0 06211 4744 4731 10056 10382 8379 7305 
BuzzFeed	0 0 0 0 0 0 0 308507 8550 3478 2830 3200 3277 2689 2265 3801 2153 2274 0 0 0 0 0 0 0 1812 1677 1561 1443 1587 3924 3928 292234 0 0 0 0 0 0 0 0 0 0 0 0 0 02292 2043 1560 1669 2058 1867 1638 
David Rockefeller	0 0 0 0 0 0 0 128122 60260 25453 15568 15147 13867 11008 8198 376573 15856 6434 0 0 0 0 0 0 0 2074 2287 2006 2071 2254 356272 414080 108751 0 0 0 0 0 0 0 0 0 0 0 0 0 02879 3525 3152 2445 2274 2334 2598 
Charo	0 0 0 0 0 0 0 75154 35154 20320 16248 13616 12338 203490 37631 463413 27103 13608 0 0 0 0 0 0 0 6494 7550 7772 14329 10777 23518 464425 68523 0 0 0 0 0 0 0 0 0 0 0 0 0 03311 2897 4501 3964 6734 8100 6348 
Yogi Adityanath	0 0 0 0 0 0 0 75064 55965 45132 44396 35941 30356 22893 22345 108083 17729 19302 0 0 0 0 0 0 0 6724 7204 8005 612760 334400 183079 109204 60277 0 0 0 0 0 0 0 0 0 0 0 0 0 01112 1367 3835 10952 6304 6039 20210 
It (novel)	0 0 0 0 0 0 0 3401 3562 3576 2641 2665 3145 10004 192352 27821 244083 202557 0 0 0 0 0 0 0 6171 3845 2560 2600 3237 3499 3452 2593 0 0 0 0 0 0 0 0 0 0 0 0 0 03352 2135 1812 2443 4175 5879 1995 
Pi Day	0 0 0 0 0 0 0 697 543 547 374 339 414 423 450 951 276 433 0 0 0 0 0 0 0 25387 5013 2383 1307 1109 1177 970 500 0 0 0 0 0 0 0 0 0 0 0 0 0 02274 2255 2276 2026 7936 449365 4785 
Martin McGuinness	0 0 0 0 0 0 0 77837 53016 37991 17744 13042 11755 9206 6426 217668 17588 3227 0 0 0 0 0 0 0 584 619 710 538 621 589 217492 76027 0 0 0 0 0 0 0 0 0 0 0 0 0 01429 968 2693 2781 1015 950 1940 
Azure Window	0 0 0 0 0 0 0 939 890 849 832 1018 873 762 875 1081 614 1173 0 0 0 0 0 0 0 2504 2103 1661 1545 1528 1316 1115 658 0 0 0 0 0 0 0 0 0 0 0 0 0 083444 149130 54120 20861 23978 12667 22903 
Cavalese cable car disaster (1998)	0 0 0 0 0 0 0 547 372 224 577 425 790 382 192 307 169 253 0 0 0 0 0 0 0 1733 842 508 598 418 309 317 170 0 0 0 0 0 0 0 0 0 0 0 0 0 0245 402 261 296 213284 140933 393 
Hans Oster	0 0 0 0 0 0 0 532 490 405 350 365 281 261 242 1010 211 273 0 0 0 0 0 0 0 212 246 190 174 185732 32512 1103 409 0 0 0 0 0 0 0 0 0 0 0 0 0 0266 267 237 238 221 219 192 
Shavarsh Karapetyan	0 0 0 0 0 0 0 116 114 92 86 109 98 88 63 162 186 117 0 0 0 0 0 0 0 206 245 163 187 174 168 170 85 0 0 0 0 0 0 0 0 0 0 0 0 0 038 401899 7300 683 374 354 1279 
Joe Medicine Crow	0 0 0 0 0 0 0 118 141 103 80 90 121 119 488473 45855 107968 12578 0 0 0 0 0 0 0 81 101 102 96 109 105 104 84 0 0 0 0 0 0 0 0 0 0 0 0 0 0115 111 86 109 112 102 291 
Captain Comet	0 0 0 0 0 0 0 100 87 83 95 84 684 159 384060 27773 297276 70299 0 0 0 0 0 0 0 94 127 76 78 82 77 87 70 0 0 0 0 0 0 0 0 0 0 0 0 0 089 90 95 104 87 110 64 
David Lewis	0 0 0 0 0 0 0 9 4 7 10 11 13 10 8 15 405512 45 0 0 0 0 0 0 0 0 0 0 0 0 0 0

